17 17 9 17 17 9 17 17 9 17 17 9 17 17 9 17 17 9 17 17 9 17 17 9 17 17 9 17 17 9 17 17 9 17 17 9 17 17 9 6 

26

M 0.333333333 
M 6 
0 2 39

M 0.333333333 
M 6 
1 2 39

M 0.333333333 
M 6 
3 5 39

M 0.333333333 
M 6 
4 5 39

M 0.333333333 
M 6 
6 8 39

M 0.333333333 
M 6 
7 8 39

M 0.333333333 
M 6 
9 11 39

M 0.333333333 
M 6 
10 11 39

M 0.333333333 
M 6 
12 14 39

M 0.333333333 
M 6 
13 14 39

M 0.333333333 
M 6 
15 17 39

M 0.333333333 
M 6 
16 17 39

M 0.333333333 
M 6 
18 20 39

M 0.333333333 
M 6 
19 20 39

M 0.333333333 
M 6 
21 23 39

M 0.333333333 
M 6 
22 23 39

M 0.333333333 
M 6 
24 26 39

M 0.333333333 
M 6 
25 26 39

M 0.333333333 
M 6 
27 29 39

M 0.333333333 
M 6 
28 29 39

M 0.333333333 
M 6 
30 32 39

M 0.333333333 
M 6 
31 32 39

M 0.333333333 
M 6 
33 35 39

M 0.333333333 
M 6 
34 35 39

M 0.333333333 
M 6 
36 38 39

M 0.333333333 
M 6 
37 38 39
