17 17 9 17 17 9 17 17 9 17 17 9 17 17 9 17 17 9 17 17 9 17 17 9 17 17 9 17 17 9 17 17 9 17 17 9 17 17 9 17 17 9 6 

28

M 0.333333333 
M 6 
0 2 42

M 0.333333333 
M 6 
1 2 42

M 0.333333333 
M 6 
3 5 42

M 0.333333333 
M 6 
4 5 42

M 0.333333333 
M 6 
6 8 42

M 0.333333333 
M 6 
7 8 42

M 0.333333333 
M 6 
9 11 42

M 0.333333333 
M 6 
10 11 42

M 0.333333333 
M 6 
12 14 42

M 0.333333333 
M 6 
13 14 42

M 0.333333333 
M 6 
15 17 42

M 0.333333333 
M 6 
16 17 42

M 0.333333333 
M 6 
18 20 42

M 0.333333333 
M 6 
19 20 42

M 0.333333333 
M 6 
21 23 42

M 0.333333333 
M 6 
22 23 42

M 0.333333333 
M 6 
24 26 42

M 0.333333333 
M 6 
25 26 42

M 0.333333333 
M 6 
27 29 42

M 0.333333333 
M 6 
28 29 42

M 0.333333333 
M 6 
30 32 42

M 0.333333333 
M 6 
31 32 42

M 0.333333333 
M 6 
33 35 42

M 0.333333333 
M 6 
34 35 42

M 0.333333333 
M 6 
36 38 42

M 0.333333333 
M 6 
37 38 42

M 0.333333333 
M 6 
39 41 42

M 0.333333333 
M 6 
40 41 42
