17 17 9 17 17 9 17 17 9 17 17 9 17 17 9 17 17 9 17 17 9 17 17 9 17 17 9 17 17 9 17 17 9 17 17 9 17 17 9 17 17 9 17 17 9 17 17 9 17 17 9 17 17 9 17 17 9 17 17 9 17 17 9 17 17 9 17 17 9 17 17 9 17 17 9 17 17 9 17 17 9 17 17 9 17 17 9 17 17 9 17 17 9 17 17 9 52

64

M 0.333333333 
M 6 
0 2 96

M 0.333333333 
M 6 
1 2 96

M 0.333333333 
M 6 
3 5 96

M 0.333333333 
M 6 
4 5 96

M 0.333333333 
M 6 
6 8 96

M 0.333333333 
M 6 
7 8 96

M 0.333333333 
M 6 
9 11 96

M 0.333333333 
M 6 
10 11 96

M 0.333333333 
M 6 
12 14 96

M 0.333333333 
M 6 
13 14 96

M 0.333333333 
M 6 
15 17 96

M 0.333333333 
M 6 
16 17 96

M 0.333333333 
M 6 
18 20 96

M 0.333333333 
M 6 
19 20 96

M 0.333333333 
M 6 
21 23 96

M 0.333333333 
M 6 
22 23 96

M 0.333333333 
M 6 
24 26 96

M 0.333333333 
M 6 
25 26 96

M 0.333333333 
M 6 
27 29 96

M 0.333333333 
M 6 
28 29 96

M 0.333333333 
M 6 
30 32 96

M 0.333333333 
M 6 
31 32 96

M 0.333333333 
M 6 
33 35 96

M 0.333333333 
M 6 
34 35 96

M 0.333333333 
M 6 
36 38 96

M 0.333333333 
M 6 
37 38 96

M 0.333333333 
M 6 
39 41 96

M 0.333333333 
M 6 
40 41 96

M 0.333333333 
M 6 
42 44 96

M 0.333333333 
M 6 
43 44 96

M 0.333333333 
M 6 
45 47 96

M 0.333333333 
M 6 
46 47 96

M 0.333333333 
M 6 
48 50 96

M 0.333333333 
M 6 
49 50 96

M 0.333333333 
M 6 
51 53 96

M 0.333333333 
M 6 
52 53 96

M 0.333333333 
M 6 
54 56 96

M 0.333333333 
M 6 
55 56 96

M 0.333333333 
M 6 
57 59 96

M 0.333333333 
M 6 
58 59 96

M 0.333333333 
M 6 
60 62 96

M 0.333333333 
M 6 
61 62 96

M 0.333333333 
M 6 
63 65 96

M 0.333333333 
M 6 
64 65 96

M 0.333333333 
M 6 
66 68 96

M 0.333333333 
M 6 
67 68 96

M 0.333333333 
M 6 
69 71 96

M 0.333333333 
M 6 
70 71 96

M 0.333333333 
M 6 
72 74 96

M 0.333333333 
M 6 
73 74 96

M 0.333333333 
M 6 
75 77 96

M 0.333333333 
M 6 
76 77 96

M 0.333333333 
M 6 
78 80 96

M 0.333333333 
M 6 
79 80 96

M 0.333333333 
M 6 
81 83 96

M 0.333333333 
M 6 
82 83 96

M 0.333333333 
M 6 
84 86 96

M 0.333333333 
M 6 
85 86 96

M 0.333333333 
M 6 
87 89 96

M 0.333333333 
M 6 
88 89 96

M 0.333333333 
M 6 
90 92 96

M 0.333333333 
M 6 
91 92 96

M 0.333333333 
M 6 
93 95 96

M 0.333333333 
M 6 
94 95 96
