17 17 9 17 17 9 17 17 9 17 17 9 17 17 9 17 17 9 17 17 9 17 17 9 17 17 9 17 17 9 6 

20

M 0.333333333 
M 6 
0 2 30

M 0.333333333 
M 6 
1 2 30

M 0.333333333 
M 6 
3 5 30

M 0.333333333 
M 6 
4 5 30

M 0.333333333 
M 6 
6 8 30

M 0.333333333 
M 6 
7 8 30

M 0.333333333 
M 6 
9 11 30

M 0.333333333 
M 6 
10 11 30

M 0.333333333 
M 6 
12 14 30

M 0.333333333 
M 6 
13 14 30

M 0.333333333 
M 6 
15 17 30

M 0.333333333 
M 6 
16 17 30

M 0.333333333 
M 6 
18 20 30

M 0.333333333 
M 6 
19 20 30

M 0.333333333 
M 6 
21 23 30

M 0.333333333 
M 6 
22 23 30

M 0.333333333 
M 6 
24 26 30

M 0.333333333 
M 6 
25 26 30

M 0.333333333 
M 6 
27 29 30

M 0.333333333 
M 6 
28 29 30
