17 17 9 17 17 9 17 17 9 17 17 9 17 17 9 17 17 9 17 17 9 17 17 9 17 17 9 17 17 9 17 17 9 6 

22

M 0.333333333 
M 6 
0 2 33

M 0.333333333 
M 6 
1 2 33

M 0.333333333 
M 6 
3 5 33

M 0.333333333 
M 6 
4 5 33

M 0.333333333 
M 6 
6 8 33

M 0.333333333 
M 6 
7 8 33

M 0.333333333 
M 6 
9 11 33

M 0.333333333 
M 6 
10 11 33

M 0.333333333 
M 6 
12 14 33

M 0.333333333 
M 6 
13 14 33

M 0.333333333 
M 6 
15 17 33

M 0.333333333 
M 6 
16 17 33

M 0.333333333 
M 6 
18 20 33

M 0.333333333 
M 6 
19 20 33

M 0.333333333 
M 6 
21 23 33

M 0.333333333 
M 6 
22 23 33

M 0.333333333 
M 6 
24 26 33

M 0.333333333 
M 6 
25 26 33

M 0.333333333 
M 6 
27 29 33

M 0.333333333 
M 6 
28 29 33

M 0.333333333 
M 6 
30 32 33

M 0.333333333 
M 6 
31 32 33
