17 17 9 17 17 9 17 17 9 17 17 9 17 17 9 17 17 9 17 17 9 17 17 9 17 17 9 6 

18

M 0.333333333 
M 6 
0 2 27

M 0.333333333 
M 6 
1 2 27

M 0.333333333 
M 6 
3 5 27

M 0.333333333 
M 6 
4 5 27

M 0.333333333 
M 6 
6 8 27

M 0.333333333 
M 6 
7 8 27

M 0.333333333 
M 6 
9 11 27

M 0.333333333 
M 6 
10 11 27

M 0.333333333 
M 6 
12 14 27

M 0.333333333 
M 6 
13 14 27

M 0.333333333 
M 6 
15 17 27

M 0.333333333 
M 6 
16 17 27

M 0.333333333 
M 6 
18 20 27

M 0.333333333 
M 6 
19 20 27

M 0.333333333 
M 6 
21 23 27

M 0.333333333 
M 6 
22 23 27

M 0.333333333 
M 6 
24 26 27

M 0.333333333 
M 6 
25 26 27
