17 17 9 17 17 9 17 17 9 17 17 9 17 17 9 17 17 9 17 17 9 17 17 9 17 17 9 17 17 9 17 17 9 17 17 9 17 17 9 17 17 9 17 17 9 6 

30

M 0.333333333 
M 6 
0 2 45

M 0.333333333 
M 6 
1 2 45

M 0.333333333 
M 6 
3 5 45

M 0.333333333 
M 6 
4 5 45

M 0.333333333 
M 6 
6 8 45

M 0.333333333 
M 6 
7 8 45

M 0.333333333 
M 6 
9 11 45

M 0.333333333 
M 6 
10 11 45

M 0.333333333 
M 6 
12 14 45

M 0.333333333 
M 6 
13 14 45

M 0.333333333 
M 6 
15 17 45

M 0.333333333 
M 6 
16 17 45

M 0.333333333 
M 6 
18 20 45

M 0.333333333 
M 6 
19 20 45

M 0.333333333 
M 6 
21 23 45

M 0.333333333 
M 6 
22 23 45

M 0.333333333 
M 6 
24 26 45

M 0.333333333 
M 6 
25 26 45

M 0.333333333 
M 6 
27 29 45

M 0.333333333 
M 6 
28 29 45

M 0.333333333 
M 6 
30 32 45

M 0.333333333 
M 6 
31 32 45

M 0.333333333 
M 6 
33 35 45

M 0.333333333 
M 6 
34 35 45

M 0.333333333 
M 6 
36 38 45

M 0.333333333 
M 6 
37 38 45

M 0.333333333 
M 6 
39 41 45

M 0.333333333 
M 6 
40 41 45

M 0.333333333 
M 6 
42 44 45

M 0.333333333 
M 6 
43 44 45
