17 17 9 17 17 9 17 17 9 17 17 9 17 17 9 17 17 9 17 17 9 17 17 9 6 

16

M 0.333333333 
M 6 
0 2 24

M 0.333333333 
M 6 
1 2 24

M 0.333333333 
M 6 
3 5 24

M 0.333333333 
M 6 
4 5 24

M 0.333333333 
M 6 
6 8 24

M 0.333333333 
M 6 
7 8 24

M 0.333333333 
M 6 
9 11 24

M 0.333333333 
M 6 
10 11 24

M 0.333333333 
M 6 
12 14 24

M 0.333333333 
M 6 
13 14 24

M 0.333333333 
M 6 
15 17 24

M 0.333333333 
M 6 
16 17 24

M 0.333333333 
M 6 
18 20 24

M 0.333333333 
M 6 
19 20 24

M 0.333333333 
M 6 
21 23 24

M 0.333333333 
M 6 
22 23 24
