17 17 9 17 17 9 17 17 9 17 17 9 17 17 9 17 17 9 17 17 9 17 17 9 17 17 9 17 17 9 17 17 9 17 17 9 6 

24

M 0.333333333 
M 6 
0 2 36

M 0.333333333 
M 6 
1 2 36

M 0.333333333 
M 6 
3 5 36

M 0.333333333 
M 6 
4 5 36

M 0.333333333 
M 6 
6 8 36

M 0.333333333 
M 6 
7 8 36

M 0.333333333 
M 6 
9 11 36

M 0.333333333 
M 6 
10 11 36

M 0.333333333 
M 6 
12 14 36

M 0.333333333 
M 6 
13 14 36

M 0.333333333 
M 6 
15 17 36

M 0.333333333 
M 6 
16 17 36

M 0.333333333 
M 6 
18 20 36

M 0.333333333 
M 6 
19 20 36

M 0.333333333 
M 6 
21 23 36

M 0.333333333 
M 6 
22 23 36

M 0.333333333 
M 6 
24 26 36

M 0.333333333 
M 6 
25 26 36

M 0.333333333 
M 6 
27 29 36

M 0.333333333 
M 6 
28 29 36

M 0.333333333 
M 6 
30 32 36

M 0.333333333 
M 6 
31 32 36

M 0.333333333 
M 6 
33 35 36

M 0.333333333 
M 6 
34 35 36
