17 17 9 17 17 9 17 17 9 17 17 9 17 17 9 17 17 9 17 17 9 17 17 9 17 17 9 17 17 9 17 17 9 17 17 9 17 17 9 17 17 9 17 17 9 17 17 9 17 17 9 17 17 9 17 17 9 17 17 9 17 17 9 17 17 9 17 17 9 17 17 9 17 17 9 17 17 9 17 17 9 17 17 9 17 17 9 17 17 9 17 17 9 17 17 9 17 17 9 17 17 9 17 17 9 17 17 9 17 17 9 17 17 9 17 17 9 17 17 9 17 17 9 17 17 9 17 17 9 17 17 9 17 17 9 17 17 9 17 17 9 17 17 9 17 17 9 17 17 9 17 17 9 17 17 9 17 17 9 17 17 9 17 17 9 17 17 9 17 17 9 17 17 9 17 17 9 17 17 9 17 17 9 17 17 9 17 17 9 17 17 9 97

128

M 0.333333333 
M 6 
0 2 192

M 0.333333333 
M 6 
1 2 192

M 0.333333333 
M 6 
3 5 192

M 0.333333333 
M 6 
4 5 192

M 0.333333333 
M 6 
6 8 192

M 0.333333333 
M 6 
7 8 192

M 0.333333333 
M 6 
9 11 192

M 0.333333333 
M 6 
10 11 192

M 0.333333333 
M 6 
12 14 192

M 0.333333333 
M 6 
13 14 192

M 0.333333333 
M 6 
15 17 192

M 0.333333333 
M 6 
16 17 192

M 0.333333333 
M 6 
18 20 192

M 0.333333333 
M 6 
19 20 192

M 0.333333333 
M 6 
21 23 192

M 0.333333333 
M 6 
22 23 192

M 0.333333333 
M 6 
24 26 192

M 0.333333333 
M 6 
25 26 192

M 0.333333333 
M 6 
27 29 192

M 0.333333333 
M 6 
28 29 192

M 0.333333333 
M 6 
30 32 192

M 0.333333333 
M 6 
31 32 192

M 0.333333333 
M 6 
33 35 192

M 0.333333333 
M 6 
34 35 192

M 0.333333333 
M 6 
36 38 192

M 0.333333333 
M 6 
37 38 192

M 0.333333333 
M 6 
39 41 192

M 0.333333333 
M 6 
40 41 192

M 0.333333333 
M 6 
42 44 192

M 0.333333333 
M 6 
43 44 192

M 0.333333333 
M 6 
45 47 192

M 0.333333333 
M 6 
46 47 192

M 0.333333333 
M 6 
48 50 192

M 0.333333333 
M 6 
49 50 192

M 0.333333333 
M 6 
51 53 192

M 0.333333333 
M 6 
52 53 192

M 0.333333333 
M 6 
54 56 192

M 0.333333333 
M 6 
55 56 192

M 0.333333333 
M 6 
57 59 192

M 0.333333333 
M 6 
58 59 192

M 0.333333333 
M 6 
60 62 192

M 0.333333333 
M 6 
61 62 192

M 0.333333333 
M 6 
63 65 192

M 0.333333333 
M 6 
64 65 192

M 0.333333333 
M 6 
66 68 192

M 0.333333333 
M 6 
67 68 192

M 0.333333333 
M 6 
69 71 192

M 0.333333333 
M 6 
70 71 192

M 0.333333333 
M 6 
72 74 192

M 0.333333333 
M 6 
73 74 192

M 0.333333333 
M 6 
75 77 192

M 0.333333333 
M 6 
76 77 192

M 0.333333333 
M 6 
78 80 192

M 0.333333333 
M 6 
79 80 192

M 0.333333333 
M 6 
81 83 192

M 0.333333333 
M 6 
82 83 192

M 0.333333333 
M 6 
84 86 192

M 0.333333333 
M 6 
85 86 192

M 0.333333333 
M 6 
87 89 192

M 0.333333333 
M 6 
88 89 192

M 0.333333333 
M 6 
90 92 192

M 0.333333333 
M 6 
91 92 192

M 0.333333333 
M 6 
93 95 192

M 0.333333333 
M 6 
94 95 192

M 0.333333333 
M 6 
96 98 192

M 0.333333333 
M 6 
97 98 192

M 0.333333333 
M 6 
99 101 192

M 0.333333333 
M 6 
100 101 192

M 0.333333333 
M 6 
102 104 192

M 0.333333333 
M 6 
103 104 192

M 0.333333333 
M 6 
105 107 192

M 0.333333333 
M 6 
106 107 192

M 0.333333333 
M 6 
108 110 192

M 0.333333333 
M 6 
109 110 192

M 0.333333333 
M 6 
111 113 192

M 0.333333333 
M 6 
112 113 192

M 0.333333333 
M 6 
114 116 192

M 0.333333333 
M 6 
115 116 192

M 0.333333333 
M 6 
117 119 192

M 0.333333333 
M 6 
118 119 192

M 0.333333333 
M 6 
120 122 192

M 0.333333333 
M 6 
121 122 192

M 0.333333333 
M 6 
123 125 192

M 0.333333333 
M 6 
124 125 192

M 0.333333333 
M 6 
126 128 192

M 0.333333333 
M 6 
127 128 192

M 0.333333333 
M 6 
129 131 192

M 0.333333333 
M 6 
130 131 192

M 0.333333333 
M 6 
132 134 192

M 0.333333333 
M 6 
133 134 192

M 0.333333333 
M 6 
135 137 192

M 0.333333333 
M 6 
136 137 192

M 0.333333333 
M 6 
138 140 192

M 0.333333333 
M 6 
139 140 192

M 0.333333333 
M 6 
141 143 192

M 0.333333333 
M 6 
142 143 192

M 0.333333333 
M 6 
144 146 192

M 0.333333333 
M 6 
145 146 192

M 0.333333333 
M 6 
147 149 192

M 0.333333333 
M 6 
148 149 192

M 0.333333333 
M 6 
150 152 192

M 0.333333333 
M 6 
151 152 192

M 0.333333333 
M 6 
153 155 192

M 0.333333333 
M 6 
154 155 192

M 0.333333333 
M 6 
156 158 192

M 0.333333333 
M 6 
157 158 192

M 0.333333333 
M 6 
159 161 192

M 0.333333333 
M 6 
160 161 192

M 0.333333333 
M 6 
162 164 192

M 0.333333333 
M 6 
163 164 192

M 0.333333333 
M 6 
165 167 192

M 0.333333333 
M 6 
166 167 192

M 0.333333333 
M 6 
168 170 192

M 0.333333333 
M 6 
169 170 192

M 0.333333333 
M 6 
171 173 192

M 0.333333333 
M 6 
172 173 192

M 0.333333333 
M 6 
174 176 192

M 0.333333333 
M 6 
175 176 192

M 0.333333333 
M 6 
177 179 192

M 0.333333333 
M 6 
178 179 192

M 0.333333333 
M 6 
180 182 192

M 0.333333333 
M 6 
181 182 192

M 0.333333333 
M 6 
183 185 192

M 0.333333333 
M 6 
184 185 192

M 0.333333333 
M 6 
186 188 192

M 0.333333333 
M 6 
187 188 192

M 0.333333333 
M 6 
189 191 192

M 0.333333333 
M 6 
190 191 192
