17 17 9 17 17 9 17 17 9 17 17 9 17 17 9 17 17 9 17 17 9 17 17 9 17 17 9 17 17 9 17 17 9 17 17 9 17 17 9 17 17 9 17 17 9 17 17 9 29

32

M 0.333333333 
M 6 
0 2 48

M 0.333333333 
M 6 
1 2 48

M 0.333333333 
M 6 
3 5 48

M 0.333333333 
M 6 
4 5 48

M 0.333333333 
M 6 
6 8 48

M 0.333333333 
M 6 
7 8 48

M 0.333333333 
M 6 
9 11 48

M 0.333333333 
M 6 
10 11 48

M 0.333333333 
M 6 
12 14 48

M 0.333333333 
M 6 
13 14 48

M 0.333333333 
M 6 
15 17 48

M 0.333333333 
M 6 
16 17 48

M 0.333333333 
M 6 
18 20 48

M 0.333333333 
M 6 
19 20 48

M 0.333333333 
M 6 
21 23 48

M 0.333333333 
M 6 
22 23 48

M 0.333333333 
M 6 
24 26 48

M 0.333333333 
M 6 
25 26 48

M 0.333333333 
M 6 
27 29 48

M 0.333333333 
M 6 
28 29 48

M 0.333333333 
M 6 
30 32 48

M 0.333333333 
M 6 
31 32 48

M 0.333333333 
M 6 
33 35 48

M 0.333333333 
M 6 
34 35 48

M 0.333333333 
M 6 
36 38 48

M 0.333333333 
M 6 
37 38 48

M 0.333333333 
M 6 
39 41 48

M 0.333333333 
M 6 
40 41 48

M 0.333333333 
M 6 
42 44 48

M 0.333333333 
M 6 
43 44 48

M 0.333333333 
M 6 
45 47 48

M 0.333333333 
M 6 
46 47 48
